(2, (1, 1, 2, 2, 2, 2)): 19200
(3, (1, 1, 1, 1, 3, 3)): 19200
(3, (1, 3, 3, 3)): 38400
(4, (1, 1, 1, 1, 2, 4)): 38400
(4, (1, 1, 4, 4)): 115200
(4, (2, 2, 2, 4)): 38400
(5, (1, 1, 1, 1, 1, 5)): 7680
(5, (5, 5)): 126720
(6, (1, 1, 1, 2, 2, 3)): 76800
(6, (1, 1, 2, 6)): 384000
(6, (2, 2, 3, 3)): 38400
(7, (1, 1, 1, 7)): 192000
(8, (2, 8)): 403200
(9, (1, 9)): 806400
(10, (1, 2, 2, 5)): 230400
(12, (1, 2, 3, 4)): 307200
(12, (4, 6)): 249600
(15, (1, 1, 3, 5)): 268800
(21, (3, 7)): 268800
