(2, (1, 2, 2, 2, 2, 2)): 42240
(4, (1, 1, 1, 2, 2, 4)): 422400
(4, (1, 2, 4, 4)): 1267200
(6, (1, 1, 1, 1, 1, 6)): 42240
(6, (1, 1, 1, 2, 3, 3)): 422400
(6, (1, 1, 2, 2, 2, 3)): 422400
(6, (1, 1, 3, 6)): 2323200
(6, (1, 2, 2, 6)): 2112000
(6, (2, 3, 3, 3)): 211200
(8, (1, 1, 1, 8)): 1478400
(10, (1, 1, 1, 1, 2, 5)): 211200
(10, (1, 10)): 7983360
(10, (2, 2, 2, 5)): 422400
(12, (1, 1, 1, 1, 3, 4)): 211200
(12, (1, 3, 3, 4)): 1056000
(12, (2, 2, 3, 4)): 844800
(14, (1, 1, 2, 7)): 3168000
(18, (2, 9)): 4435200
(20, (1, 1, 4, 5)): 1900800
(24, (3, 8)): 2956800
(28, (4, 7)): 2534400
(30, (1, 2, 3, 5)): 2956800
(30, (5, 6)): 2492160
