(1, (1, 1, 1, 1, 1, 1, 1, 1, 1, 1, 1)): 4224
(2, (1, 1, 1, 1, 1, 1, 1, 2, 2)): 84480
(2, (1, 1, 1, 2, 2, 2, 2)): 253440
(3, (1, 1, 1, 1, 1, 1, 1, 1, 3)): 38016
(3, (1, 1, 1, 1, 1, 3, 3)): 337920
(3, (1, 1, 3, 3, 3)): 1216512
(4, (1, 1, 1, 4, 4)): 1013760
(5, (1, 1, 1, 1, 1, 1, 5)): 304128
(5, (1, 5, 5)): 1622016
(6, (1, 1, 1, 1, 2, 2, 3)): 456192
(6, (1, 2, 2, 3, 3)): 675840
(6, (2, 2, 2, 2, 3)): 456192
(7, (1, 1, 1, 1, 7)): 1824768
(9, (1, 1, 9)): 7299072
(10, (1, 1, 2, 2, 5)): 1824768
(11, (11,)): 14598144
(12, (3, 4, 4)): 1824768
(14, (2, 2, 7)): 3649536
(15, (3, 3, 5)): 2433024
