(2, (1, 1, 1, 1, 1, 1, 2, 2, 2)): 368640
(2, (1, 1, 2, 2, 2, 2, 2)): 1105920
(4, (1, 1, 1, 1, 2, 2, 4)): 4976640
(4, (1, 1, 2, 4, 4)): 5806080
(4, (2, 2, 2, 2, 4)): 552960
(4, (4, 4, 4)): 7603200
(6, (1, 1, 1, 1, 2, 3, 3)): 4423680
(6, (1, 1, 1, 3, 6)): 5898240
(6, (1, 1, 2, 2, 6)): 13271040
(6, (2, 2, 2, 3, 3)): 2949120
(6, (3, 3, 6)): 11796480
(8, (2, 2, 8)): 17694720
(10, (1, 1, 10)): 53084160
(10, (2, 5, 5)): 17694720
(12, (1, 1, 3, 3, 4)): 11059200
(12, (1, 2, 2, 3, 4)): 17694720
(12, (2, 4, 6)): 11059200
(12, (12,)): 66355200
(14, (1, 1, 1, 2, 7)): 8847360
(18, (1, 2, 9)): 53084160
(20, (1, 1, 1, 4, 5)): 17694720
(24, (1, 3, 8)): 35389440
(28, (1, 4, 7)): 39813120
(30, (1, 1, 2, 3, 5)): 17694720
(30, (1, 5, 6)): 35389440
(42, (2, 3, 7)): 17694720
