(2, (1, 1, 2, 2, 2, 2, 2)): 276480
(4, (1, 1, 1, 1, 2, 2, 4)): 1382400
(4, (1, 1, 2, 4, 4)): 8294400
(4, (2, 2, 2, 2, 4)): 691200
(4, (4, 4, 4)): 2073600
(6, (1, 1, 1, 1, 1, 1, 6)): 92160
(6, (1, 1, 1, 1, 2, 3, 3)): 1382400
(6, (1, 1, 1, 2, 2, 2, 3)): 1843200
(6, (1, 1, 1, 3, 6)): 10137600
(6, (1, 1, 2, 2, 6)): 13824000
(6, (1, 2, 3, 3, 3)): 2764800
(6, (2, 2, 2, 3, 3)): 921600
(6, (3, 3, 6)): 6912000
(8, (1, 1, 1, 1, 8)): 4838400
(8, (2, 2, 8)): 14515200
(10, (1, 1, 1, 1, 1, 2, 5)): 552960
(10, (1, 1, 10)): 52254720
(10, (1, 2, 2, 2, 5)): 5529600
(10, (2, 5, 5)): 9123840
(12, (1, 1, 1, 1, 1, 3, 4)): 552960
(12, (1, 1, 3, 3, 4)): 6912000
(12, (1, 2, 2, 3, 4)): 11059200
(12, (2, 4, 6)): 17971200
(12, (12,)): 68428800
(14, (1, 1, 1, 2, 7)): 13824000
(18, (1, 2, 9)): 58060800
(20, (1, 1, 1, 4, 5)): 8294400
(24, (1, 3, 8)): 38707200
(28, (1, 4, 7)): 33177600
(30, (1, 1, 2, 3, 5)): 19353600
(30, (1, 5, 6)): 32624640
(42, (2, 3, 7)): 19353600
(60, (3, 4, 5)): 13271040
