(2, (1, 1, 1, 1, 2, 2, 2, 2)): 414720
(2, (2, 2, 2, 2, 2, 2)): 276480
(3, (1, 1, 1, 1, 1, 1, 3, 3)): 184320
(3, (1, 1, 1, 3, 3, 3)): 184320
(3, (3, 3, 3, 3)): 875520
(4, (1, 1, 1, 1, 4, 4)): 2488320
(4, (1, 1, 2, 2, 2, 4)): 4147200
(4, (2, 2, 4, 4)): 7879680
(5, (1, 1, 5, 5)): 16588800
(6, (1, 1, 1, 1, 1, 2, 2, 3)): 552960
(6, (1, 1, 1, 1, 2, 6)): 1658880
(6, (1, 1, 2, 2, 3, 3)): 6912000
(6, (1, 2, 3, 6)): 36495360
(6, (2, 2, 2, 6)): 5529600
(6, (6, 6)): 18247680
(8, (1, 1, 2, 8)): 36495360
(8, (4, 8)): 25712640
(9, (1, 1, 1, 9)): 19906560
(9, (3, 9)): 29859840
(10, (1, 1, 1, 2, 2, 5)): 4976640
(10, (2, 10)): 43130880
(11, (1, 11)): 86261760
(12, (1, 1, 1, 2, 3, 4)): 7188480
(12, (1, 1, 4, 6)): 21565440
(12, (1, 3, 4, 4)): 3317760
(12, (2, 3, 3, 4)): 5253120
(14, (1, 2, 2, 7)): 16588800
(15, (1, 1, 1, 1, 3, 5)): 4423680
(15, (1, 3, 3, 5)): 13824000
(20, (1, 2, 4, 5)): 24883200
(21, (1, 1, 3, 7)): 16588800
(35, (5, 7)): 16588800
