(2, (1, 1, 1, 1, 1, 1, 1, 1, 1, 1, 2)): 46080
(2, (1, 1, 1, 1, 1, 1, 2, 2, 2)): 921600
(2, (1, 1, 2, 2, 2, 2, 2)): 2764800
(4, (1, 1, 1, 1, 1, 1, 1, 1, 4)): 460800
(4, (1, 1, 1, 1, 2, 2, 4)): 5529600
(4, (1, 1, 2, 4, 4)): 11059200
(4, (2, 2, 2, 2, 4)): 5529600
(4, (4, 4, 4)): 22118400
(6, (1, 1, 1, 1, 1, 1, 6)): 3686400
(6, (1, 1, 1, 1, 2, 3, 3)): 3686400
(6, (1, 1, 2, 2, 6)): 22118400
(6, (2, 2, 2, 3, 3)): 7372800
(6, (3, 3, 6)): 29491200
(8, (1, 1, 1, 1, 8)): 22118400
(8, (2, 2, 8)): 44236800
(10, (1, 1, 10)): 88473600
(10, (2, 5, 5)): 17694720
(12, (1, 1, 3, 3, 4)): 14745600
(12, (12,)): 176947200
